       0.500000       0.056840
       0.510000       0.057525
       0.520000       0.058210
       0.530000       0.059579
       0.540000       0.060264
       0.550000       0.060949
       0.560000       0.062319
       0.570000       0.063003
       0.580000       0.064373
       0.590000       0.065058
       0.600000       0.066427
       0.610000       0.067112
       0.620000       0.068482
       0.630000       0.069167
       0.640000       0.070536
       0.650000       0.071906
       0.660000       0.072591
       0.670000       0.073960
       0.680000       0.075330
       0.690000       0.076700
       0.700000       0.077385
       0.710000       0.078754
       0.720000       0.080124
       0.730000       0.081493
       0.740000       0.082863
       0.750000       0.084233
       0.760000       0.085602
       0.770000       0.086972
       0.780000       0.088342
       0.790000       0.089711
       0.800000       0.091766
       0.810000       0.093135
       0.820000       0.094505
       0.830000       0.095875
       0.840000       0.097929
       0.850000       0.099299
       0.860000       0.100668
       0.870000       0.102723
       0.880000       0.104092
       0.890000       0.106147
       0.900000       0.108201
       0.910000       0.109571
       0.920000       0.111625
       0.930000       0.113680
       0.940000       0.115050
       0.950000       0.117104
       0.960000       0.119159
       0.970000       0.121213
       0.980000       0.123267
       0.990000       0.125322
       1.000000       0.127376
       1.010000       0.129431
       1.020000       0.131485
       1.030000       0.133540
       1.040000       0.135594
       1.050000       0.137649
       1.060000       0.140388
       1.070000       0.142442
       1.080000       0.144497
       1.090000       0.147236
       1.100000       0.149291
       1.110000       0.152030
       1.120000       0.154084
       1.130000       0.156824
       1.140000       0.159563
       1.150000       0.161617
       1.160000       0.164357
       1.170000       0.167096
       1.180000       0.169835
       1.190000       0.171890
       1.200000       0.174629
       1.210000       0.177368
       1.220000       0.180107
       1.230000       0.182847
       1.240000       0.185586
       1.250000       0.188325
       1.260000       0.191749
       1.270000       0.194489
       1.280000       0.197228
       1.290000       0.199967
       1.300000       0.203391
       1.310000       0.206131
       1.320000       0.208870
       1.330000       0.212294
       1.340000       0.215033
       1.350000       0.218457
       1.360000       0.221197
       1.370000       0.224621
       1.380000       0.228045
       1.390000       0.230784
       1.400000       0.234208
       1.410000       0.237632
       1.420000       0.241056
       1.430000       0.243796
       1.440000       0.247220
       1.450000       0.250644
       1.460000       0.254068
       1.470000       0.257492
       1.480000       0.260916
       1.490000       0.264340
       1.500000       0.267764
       1.510000       0.271188
       1.520000       0.274612
       1.530000       0.278037
       1.540000       0.281461
       1.550000       0.285570
       1.560000       0.288994
       1.570000       0.292418
       1.580000       0.295842
       1.590000       0.299266
       1.600000       0.302690
       1.610000       0.306114
       1.620000       0.310223
       1.630000       0.313647
       1.640000       0.317071
       1.650000       0.320495
       1.660000       0.323919
       1.670000       0.327343
       1.680000       0.330768
       1.690000       0.334192
       1.700000       0.337616
       1.710000       0.341040
       1.720000       0.344464
       1.730000       0.347888
       1.740000       0.351312
       1.750000       0.354736
       1.760000       0.358160
       1.770000       0.361584
       1.780000       0.365009
       1.790000       0.368433
       1.800000       0.371172
       1.810000       0.374596
       1.820000       0.378020
       1.830000       0.380759
       1.840000       0.384183
       1.850000       0.387608
       1.860000       0.390347
       1.870000       0.393771
       1.880000       0.396510
       1.890000       0.399934
       1.900000       0.402674
       1.910000       0.406098
       1.920000       0.408837
       1.930000       0.411576
       1.940000       0.415000
       1.950000       0.417740
       1.960000       0.420479
       1.970000       0.423903
       1.980000       0.426642
       1.990000       0.429382
       2.000000       0.432121
       2.010000       0.434860
       2.020000       0.437599
       2.030000       0.440339
       2.040000       0.443078
       2.050000       0.445817
       2.060000       0.448556
       2.070000       0.450611
       2.080000       0.453350
       2.090000       0.456089
       2.100000       0.458829
       2.110000       0.460883
       2.120000       0.463622
       2.130000       0.466362
       2.140000       0.468416
       2.150000       0.471155
       2.160000       0.473210
       2.170000       0.475949
       2.180000       0.478004
       2.190000       0.480743
       2.200000       0.482797
       2.210000       0.484852
       2.220000       0.487591
       2.230000       0.489646
       2.240000       0.491700
       2.250000       0.494439
       2.260000       0.496494
       2.270000       0.498548
       2.280000       0.500603
       2.290000       0.502657
       2.300000       0.504712
       2.310000       0.506766
       2.320000       0.508821
       2.330000       0.510875
       2.340000       0.512929
       2.350000       0.514984
       2.360000       0.517038
       2.370000       0.519093
       2.380000       0.521147
       2.390000       0.523202
       2.400000       0.525256
       2.410000       0.527311
       2.420000       0.528680
       2.430000       0.530735
       2.440000       0.532789
       2.450000       0.534844
       2.460000       0.536213
       2.470000       0.538268
       2.480000       0.540322
       2.490000       0.541692
       2.500000       0.543746
       2.510000       0.545116
       2.520000       0.547170
       2.530000       0.549225
       2.540000       0.550594
       2.550000       0.552649
       2.560000       0.554019
       2.570000       0.556073
       2.580000       0.557443
       2.590000       0.558812
       2.600000       0.560867
       2.610000       0.562236
       2.620000       0.563606
       2.630000       0.565660
       2.640000       0.567030
       2.650000       0.568400
       2.660000       0.570454
       2.670000       0.571824
       2.680000       0.573194
       2.690000       0.574563
       2.700000       0.575933
       2.710000       0.577302
       2.720000       0.578672
       2.730000       0.580042
       2.740000       0.582096
       2.750000       0.583466
       2.760000       0.584151
       2.770000       0.585520
       2.780000       0.586890
       2.790000       0.588260
       2.800000       0.589629
       2.810000       0.590999
       2.820000       0.592368
       2.830000       0.593738
       2.840000       0.594423
       2.850000       0.595793
       2.860000       0.597162
       2.870000       0.598532
       2.880000       0.599217
       2.890000       0.600586
       2.900000       0.601271
       2.910000       0.602641
       2.920000       0.603326
       2.930000       0.604695
       2.940000       0.605380
       2.950000       0.606750
       2.960000       0.607434
       2.970000       0.608804
       2.980000       0.609489
       2.990000       0.610174
       3.000000       0.611543
       3.010000       0.612228
       3.020000       0.612913
       3.030000       0.613598
       3.040000       0.614967
       3.050000       0.615652
       3.060000       0.616337
       3.070000       0.617022
       3.080000       0.618392
       3.090000       0.619076
       3.100000       0.619761
       3.110000       0.620446
       3.120000       0.621131
       3.130000       0.621816
       3.140000       0.622500
       3.150000       0.623870
       3.160000       0.624555
       3.170000       0.625240
       3.180000       0.625925
       3.190000       0.626609
       3.200000       0.627294
       3.210000       0.627979
       3.220000       0.628664
       3.230000       0.629349
       3.240000       0.630033
       3.250000       0.630718
       3.260000       0.631403
       3.270000       0.632088
       3.280000       0.632773
       3.290000       0.633458
       3.300000       0.634142
       3.310000       0.634827
       3.320000       0.635512
       3.330000       0.636197
       3.340000       0.636882
       3.350000       0.637566
       3.360000       0.638251
       3.370000       0.638936
       3.380000       0.638936
       3.390000       0.639621
       3.400000       0.640306
       3.410000       0.640991
       3.420000       0.641675
       3.430000       0.642360
       3.440000       0.643045
       3.450000       0.643045
       3.460000       0.643730
       3.470000       0.644415
       3.480000       0.645099
       3.490000       0.645784
       3.500000       0.645784
       3.510000       0.646469
       3.520000       0.647154
       3.530000       0.647839
       3.540000       0.648524
       3.550000       0.648524
       3.560000       0.649208
       3.570000       0.649893
       3.580000       0.649893
       3.590000       0.650578
       3.600000       0.651263
       3.610000       0.651948
       3.620000       0.651948
       3.630000       0.652633
       3.640000       0.653317
       3.650000       0.653317
       3.660000       0.654002
       3.670000       0.654687
       3.680000       0.654687
       3.690000       0.655372
       3.700000       0.655372
       3.710000       0.656057
       3.720000       0.656741
       3.730000       0.656741
       3.740000       0.657426
       3.750000       0.657426
       3.760000       0.658111
       3.770000       0.658111
       3.780000       0.658796
       3.790000       0.659481
       3.800000       0.659481
       3.810000       0.660166
       3.820000       0.660166
       3.830000       0.660850
       3.840000       0.660850
       3.850000       0.661535
       3.860000       0.661535
       3.870000       0.661535
       3.880000       0.662220
       3.890000       0.662220
       3.900000       0.662905
       3.910000       0.662905
       3.920000       0.663590
       3.930000       0.663590
       3.940000       0.664274
       3.950000       0.664274
       3.960000       0.664274
       3.970000       0.664959
       3.980000       0.664959
       3.990000       0.664959
       4.000000       0.665644
       4.010000       0.665644
       4.020000       0.666329
       4.030000       0.666329
       4.040000       0.666329
       4.050000       0.667014
       4.060000       0.667014
       4.070000       0.667014
       4.080000       0.667699
       4.090000       0.667699
       4.100000       0.667699
       4.110000       0.667699
       4.120000       0.668383
       4.130000       0.668383
       4.140000       0.668383
       4.150000       0.669068
       4.160000       0.669068
       4.170000       0.669068
       4.180000       0.669753
       4.190000       0.669753
       4.200000       0.669753
       4.210000       0.669753
       4.220000       0.670438
       4.230000       0.670438
       4.240000       0.670438
       4.250000       0.670438
       4.260000       0.671123
       4.270000       0.671123
       4.280000       0.671123
       4.290000       0.671123
       4.300000       0.671807
       4.310000       0.671807
       4.320000       0.671807
       4.330000       0.671807
       4.340000       0.672492
       4.350000       0.672492
       4.360000       0.672492
       4.370000       0.672492
       4.380000       0.673177
       4.390000       0.673177
       4.400000       0.673177
       4.410000       0.673177
       4.420000       0.673862
       4.430000       0.673862
       4.440000       0.673862
       4.450000       0.673862
       4.460000       0.674547
       4.470000       0.674547
       4.480000       0.674547
       4.490000       0.674547
       4.500000       0.674547
       4.510000       0.675232
       4.520000       0.675232
       4.530000       0.675232
       4.540000       0.675232
       4.550000       0.675232
       4.560000       0.675916
       4.570000       0.675916
       4.580000       0.675916
       4.590000       0.675916
       4.600000       0.675916
       4.610000       0.676601
       4.620000       0.676601
       4.630000       0.676601
       4.640000       0.676601
       4.650000       0.676601
       4.660000       0.676601
       4.670000       0.677286
       4.680000       0.677286
       4.690000       0.677286
       4.700000       0.677286
       4.710000       0.677286
       4.720000       0.677286
       4.730000       0.677971
       4.740000       0.677971
       4.750000       0.677971
       4.760000       0.677971
       4.770000       0.677971
       4.780000       0.677971
       4.790000       0.678656
       4.800000       0.678656
       4.810000       0.678656
       4.820000       0.678656
       4.830000       0.678656
       4.840000       0.678656
       4.850000       0.678656
       4.860000       0.678656
       4.870000       0.679340
       4.880000       0.679340
       4.890000       0.679340
       4.900000       0.679340
       4.910000       0.679340
       4.920000       0.679340
       4.930000       0.679340
       4.940000       0.679340
       4.950000       0.679340
       4.960000       0.680025
       4.970000       0.680025
       4.980000       0.680025
       4.990000       0.680025
       5.000000       0.680025
       5.010000       0.680025
       5.020000       0.680025
       5.030000       0.680025
       5.040000       0.680025
       5.050000       0.680025
       5.060000       0.680025
       5.070000       0.680025
       5.080000       0.680710
       5.090000       0.680710
       5.100000       0.680710
       5.110000       0.680710
       5.120000       0.680710
       5.130000       0.680710
       5.140000       0.680710
       5.150000       0.680710
       5.160000       0.680710
       5.170000       0.680710
       5.180000       0.680710
       5.190000       0.680710
       5.200000       0.680710
       5.210000       0.681395
       5.220000       0.681395
       5.230000       0.681395
       5.240000       0.681395
       5.250000       0.681395
       5.260000       0.681395
       5.270000       0.681395
       5.280000       0.681395
       5.290000       0.681395
       5.300000       0.681395
       5.310000       0.681395
       5.320000       0.681395
       5.330000       0.681395
       5.340000       0.681395
       5.350000       0.681395
       5.360000       0.682080
       5.370000       0.682080
       5.380000       0.682080
       5.390000       0.682080
       5.400000       0.682080
       5.410000       0.682080
       5.420000       0.682080
       5.430000       0.682080
       5.440000       0.682080
       5.450000       0.682080
       5.460000       0.682080
       5.470000       0.682080
       5.480000       0.682080
       5.490000       0.682080
       5.500000       0.682080
       5.510000       0.682080
       5.520000       0.682080
       5.530000       0.682765
       5.540000       0.682765
       5.550000       0.682765
       5.560000       0.682765
       5.570000       0.682765
       5.580000       0.682765
       5.590000       0.682765
       5.600000       0.682765
       5.610000       0.682765
       5.620000       0.682765
       5.630000       0.682765
       5.640000       0.682765
       5.650000       0.682765
       5.660000       0.682765
       5.670000       0.682765
       5.680000       0.682765
       5.690000       0.682765
       5.700000       0.682765
       5.710000       0.682765
       5.720000       0.682765
       5.730000       0.682765
       5.740000       0.683449
       5.750000       0.683449
       5.760000       0.683449
       5.770000       0.683449
       5.780000       0.683449
       5.790000       0.683449
       5.800000       0.683449
       5.810000       0.683449
       5.820000       0.683449
       5.830000       0.683449
       5.840000       0.683449
       5.850000       0.683449
       5.860000       0.683449
       5.870000       0.683449
       5.880000       0.683449
       5.890000       0.683449
       5.900000       0.683449
       5.910000       0.683449
       5.920000       0.683449
       5.930000       0.683449
       5.940000       0.683449
       5.950000       0.683449
       5.960000       0.683449
       5.970000       0.683449
       5.980000       0.683449
       5.990000       0.683449
       6.000000       0.683449
       6.010000       0.683449
       6.020000       0.683449
       6.030000       0.683449
       6.040000       0.683449
       6.050000       0.683449
       6.060000       0.683449
       6.070000       0.683449
       6.080000       0.683449
       6.090000       0.683449
       6.100000       0.684134
       6.110000       0.684134
       6.120000       0.684134
       6.130000       0.684134
       6.140000       0.684134
       6.150000       0.684134
       6.160000       0.684134
       6.170000       0.684134
       6.180000       0.684134
       6.190000       0.684134
       6.200000       0.684134
       6.210000       0.684134
       6.220000       0.684134
       6.230000       0.684134
       6.240000       0.684134
       6.250000       0.684134
       6.260000       0.684134
       6.270000       0.684134
       6.280000       0.684134
       6.290000       0.684134
       6.300000       0.684134
       6.310000       0.684134
       6.320000       0.684134
       6.330000       0.684134
       6.340000       0.684134
       6.350000       0.684134
       6.360000       0.684134
       6.370000       0.684134
       6.380000       0.684134
       6.390000       0.684134
       6.400000       0.684134
       6.410000       0.684134
       6.420000       0.684134
       6.430000       0.684134
       6.440000       0.684134
       6.450000       0.684134
       6.460000       0.684134
       6.470000       0.684134
       6.480000       0.684134
       6.490000       0.684134
       6.500000       0.684134
       6.510000       0.684134
       6.520000       0.684134
       6.530000       0.684134
       6.540000       0.684134
       6.550000       0.684134
       6.560000       0.684134
       6.570000       0.684134
       6.580000       0.684134
       6.590000       0.684134
       6.600000       0.684134
       6.610000       0.684134
       6.620000       0.684134
       6.630000       0.684134
       6.640000       0.684134
       6.650000       0.684134
       6.660000       0.684134
       6.670000       0.684134
       6.680000       0.684134
       6.690000       0.684134
       6.700000       0.684134
       6.710000       0.684134
       6.720000       0.684134
       6.730000       0.684134
       6.740000       0.684819
       6.750000       0.684819
       6.760000       0.684819
       6.770000       0.684819
       6.780000       0.684819
       6.790000       0.684819
       6.800000       0.684819
       6.810000       0.684819
       6.820000       0.684819
       6.830000       0.684819
       6.840000       0.684819
       6.850000       0.684819
       6.860000       0.684819
       6.870000       0.684819
       6.880000       0.684819
       6.890000       0.684819
       6.900000       0.684819
       6.910000       0.684819
       6.920000       0.684819
       6.930000       0.684819
       6.940000       0.684819
       6.950000       0.684819
       6.960000       0.684819
       6.970000       0.684819
       6.980000       0.684819
       6.990000       0.684819
       7.000000       0.684819
       7.010000       0.684819
       7.020000       0.684819
       7.030000       0.684819
       7.040000       0.684819
       7.050000       0.684819
       7.060000       0.684819
       7.070000       0.684819
       7.080000       0.684819
       7.090000       0.684819
       7.100000       0.684819
       7.110000       0.684819
       7.120000       0.684819
       7.130000       0.684819
       7.140000       0.684819
       7.150000       0.684819
       7.160000       0.684819
       7.170000       0.684819
       7.180000       0.684819
       7.190000       0.684819
       7.200000       0.684819
       7.210000       0.684819
       7.220000       0.684819
       7.230000       0.684819
       7.240000       0.684819
       7.250000       0.684819
       7.260000       0.684819
       7.270000       0.684819
       7.280000       0.684819
       7.290000       0.684819
       7.300000       0.684819
       7.310000       0.684819
       7.320000       0.684819
       7.330000       0.684819
       7.340000       0.684819
       7.350000       0.684819
       7.360000       0.684819
       7.370000       0.684819
       7.380000       0.684819
       7.390000       0.684819
       7.400000       0.684819
       7.410000       0.684819
       7.420000       0.684819
       7.430000       0.684819
       7.440000       0.684819
       7.450000       0.684819
       7.460000       0.684819
       7.470000       0.684819
       7.480000       0.684819
       7.490000       0.684819
       7.500000       0.684819
       7.510000       0.684819
       7.520000       0.684819
       7.530000       0.684819
       7.540000       0.684819
       7.550000       0.684819
       7.560000       0.684819
       7.570000       0.684819
       7.580000       0.684819
       7.590000       0.684819
       7.600000       0.684819
       7.610000       0.684819
       7.620000       0.684819
       7.630000       0.684819
       7.640000       0.684819
       7.650000       0.684819
       7.660000       0.684819
       7.670000       0.684819
       7.680000       0.684819
       7.690000       0.684819
       7.700000       0.684819
       7.710000       0.684819
       7.720000       0.684819
       7.730000       0.684819
       7.740000       0.684819
       7.750000       0.684819
       7.760000       0.684819
       7.770000       0.684819
       7.780000       0.684819
       7.790000       0.684819
       7.800000       0.684819
       7.810000       0.684819
       7.820000       0.684819
       7.830000       0.684819
       7.840000       0.684819
       7.850000       0.684819
       7.860000       0.684819
       7.870000       0.684819
       7.880000       0.684819
       7.890000       0.684819
       7.900000       0.684819
       7.910000       0.684819
       7.920000       0.684819
       7.930000       0.684819
       7.940000       0.684819
       7.950000       0.684819
       7.960000       0.684819
       7.970000       0.684819
       7.980000       0.684819
       7.990000       0.684819
       8.000000       0.684819
       8.010000       0.684819
       8.020000       0.684819
       8.030000       0.684819
       8.040000       0.684819
       8.050000       0.684819
       8.060000       0.684819
       8.070000       0.684819
       8.080000       0.684819
       8.090000       0.684819
       8.100000       0.684819
       8.110000       0.684819
       8.120000       0.684819
       8.130000       0.684819
       8.140000       0.684819
       8.150000       0.684819
       8.160000       0.684819
       8.170000       0.684819
       8.180000       0.684819
       8.190000       0.684819
       8.200000       0.684819
       8.210000       0.684819
       8.220000       0.684819
       8.230000       0.684819
       8.240000       0.684819
       8.250000       0.684819
       8.260000       0.684819
       8.270000       0.684819
       8.280000       0.684819
       8.290000       0.684819
       8.300000       0.684819
       8.310000       0.684819
       8.320000       0.684819
       8.330000       0.684819
       8.340000       0.684819
       8.350000       0.684819
       8.360000       0.684819
       8.370000       0.684819
       8.380000       0.684819
       8.390000       0.684819
       8.400000       0.684819
       8.410000       0.684819
       8.420000       0.684819
       8.430000       0.684819
       8.440000       0.684819
       8.450000       0.684819
       8.460000       0.684819
       8.470000       0.684819
       8.480000       0.684819
       8.490000       0.684819
       8.500000       0.684819
       8.510000       0.684819
       8.520000       0.684819
       8.530000       0.684819
       8.540000       0.684819
       8.550000       0.684819
       8.560000       0.684819
       8.570000       0.684819
       8.580000       0.684819
       8.590000       0.684819
       8.600000       0.684819
       8.610000       0.684819
       8.620000       0.684819
       8.630000       0.684819
       8.640000       0.684819
       8.650000       0.684819
       8.660000       0.684819
       8.670000       0.684819
       8.680000       0.684819
       8.690000       0.684819
       8.700000       0.684819
       8.710000       0.684819
       8.720000       0.684819
       8.730000       0.684819
       8.740000       0.684819
       8.750000       0.684819
       8.760000       0.684819
       8.770000       0.684819
       8.780000       0.684819
       8.790000       0.684819
       8.800000       0.684819
       8.810000       0.684819
       8.820000       0.684819
       8.830000       0.684819
       8.840000       0.684819
       8.850000       0.684819
       8.860000       0.684819
       8.870000       0.684819
       8.880000       0.684819
       8.890000       0.684819
       8.900000       0.684819
       8.910000       0.684819
       8.920000       0.684819
       8.930000       0.684819
       8.940000       0.684819
       8.950000       0.684819
       8.960000       0.684819
       8.970000       0.684819
       8.980000       0.684819
       8.990000       0.684819
       9.000000       0.684819
       9.010000       0.684819
       9.020000       0.684819
       9.030000       0.684819
       9.040000       0.684819
       9.050000       0.684819
       9.060000       0.684819
       9.070000       0.684819
       9.080000       0.684819
       9.090000       0.684819
       9.100000       0.684819
       9.110000       0.684819
       9.120000       0.684819
       9.130000       0.684819
       9.140000       0.684819
       9.150000       0.684819
       9.160000       0.684819
       9.170000       0.684819
       9.180000       0.684819
       9.190000       0.684819
       9.200000       0.684819
       9.210000       0.684819
       9.220000       0.684819
       9.230000       0.684819
       9.240000       0.684819
       9.250000       0.684819
       9.260000       0.684819
       9.270000       0.684819
       9.280000       0.684819
       9.290000       0.684819
       9.300000       0.684819
       9.310000       0.684819
       9.320000       0.684819
       9.330000       0.684819
       9.340000       0.684819
       9.350000       0.684819
       9.360000       0.684819
       9.370000       0.684819
       9.380000       0.684819
       9.390000       0.684819
       9.400000       0.684819
       9.410000       0.684819
       9.420000       0.684819
       9.430000       0.684819
       9.440000       0.684819
       9.450000       0.684819
       9.460000       0.684819
       9.470000       0.684819
       9.480000       0.684819
       9.490000       0.684819
       9.500000       0.684819
       9.510000       0.684819
       9.520000       0.684819
       9.530000       0.684819
       9.540000       0.684819
       9.550000       0.684819
       9.560000       0.684819
       9.570000       0.684819
       9.580000       0.684819
       9.590000       0.684819
       9.600000       0.684819
       9.610000       0.684819
       9.620000       0.684819
       9.630000       0.684819
       9.640000       0.684819
       9.650000       0.684819
       9.660000       0.684819
       9.670000       0.684819
       9.680000       0.684819
       9.690000       0.684819
       9.700000       0.684819
       9.710000       0.684819
       9.720000       0.684819
       9.730000       0.684819
       9.740000       0.684819
       9.750000       0.684819
       9.760000       0.684819
       9.770000       0.684819
       9.780000       0.684819
       9.790000       0.684819
       9.800000       0.684819
       9.810000       0.684819
       9.820000       0.684819
       9.830000       0.684819
       9.840000       0.684819
       9.850000       0.684819
       9.860000       0.684819
       9.870000       0.684819
       9.880000       0.684819
       9.890000       0.684819
       9.900000       0.684819
       9.910000       0.684819
       9.920000       0.684819
       9.930000       0.684819
       9.940000       0.684819
       9.950000       0.684819
       9.960000       0.684819
       9.970000       0.684819
       9.980000       0.684819
       9.990000       0.684819
      10.000000       0.684819
      10.010000       0.684819
      10.020000       0.684819
      10.030000       0.684819
      10.040000       0.684819
      10.050000       0.684819
      10.060000       0.684819
      10.070000       0.684819
      10.080000       0.684819
      10.090000       0.684819
      10.100000       0.684819
      10.110000       0.684819
      10.120000       0.684819
      10.130000       0.684819
      10.140000       0.684819
      10.150000       0.684819
      10.160000       0.684819
      10.170000       0.684819
      10.180000       0.684819
      10.190000       0.684819
      10.200000       0.684819
      10.210000       0.684819
      10.220000       0.684819
      10.230000       0.684819
      10.240000       0.684819
      10.250000       0.684819
      10.260000       0.684819
      10.270000       0.684819
      10.280000       0.684819
      10.290000       0.684819
      10.300000       0.684819
      10.310000       0.684819
      10.320000       0.684819
      10.330000       0.684819
      10.340000       0.684819
      10.350000       0.684819
      10.360000       0.684819
      10.370000       0.684819
      10.380000       0.684819
      10.390000       0.684819
      10.400000       0.684819
      10.410000       0.684819
      10.420000       0.684819
      10.430000       0.684819
      10.440000       0.684819
      10.450000       0.684819
      10.460000       0.684819
      10.470000       0.684819
      10.480000       0.684819
      10.490000       0.684819
      10.500000       0.684819
      10.510000       0.684819
      10.520000       0.684819
      10.530000       0.684819
      10.540000       0.684819
      10.550000       0.684819
      10.560000       0.684819
      10.570000       0.684819
      10.580000       0.684819
      10.590000       0.684819
      10.600000       0.684819
      10.610000       0.684819
      10.620000       0.684819
      10.630000       0.684819
      10.640000       0.684819
      10.650000       0.684819
      10.660000       0.684819
      10.670000       0.684819
      10.680000       0.684819
      10.690000       0.684819
      10.700000       0.684819
      10.710000       0.684819
      10.720000       0.684819
      10.730000       0.684819
      10.740000       0.684819
      10.750000       0.684819
      10.760000       0.684819
      10.770000       0.684819
      10.780000       0.684819
      10.790000       0.684819
      10.800000       0.684819
      10.810000       0.684819
      10.820000       0.684819
      10.830000       0.684819
      10.840000       0.684819
      10.850000       0.684819
      10.860000       0.684819
      10.870000       0.684819
      10.880000       0.684819
      10.890000       0.684819
      10.900000       0.684819
      10.910000       0.684819
      10.920000       0.684819
      10.930000       0.684819
      10.940000       0.684819
      10.950000       0.684819
      10.960000       0.684819
      10.970000       0.684819
      10.980000       0.684819
      10.990000       0.684819
      11.000000       0.684819
      11.010000       0.684819
      11.020000       0.684819
      11.030000       0.684819
      11.040000       0.684819
      11.050000       0.684819
      11.060000       0.684819
      11.070000       0.684819
      11.080000       0.684819
      11.090000       0.684819
      11.100000       0.684819
      11.110000       0.684819
      11.120000       0.684819
      11.130000       0.684819
      11.140000       0.684819
      11.150000       0.684819
      11.160000       0.684819
      11.170000       0.684819
      11.180000       0.684819
      11.190000       0.684819
      11.200000       0.684819
      11.210000       0.684819
      11.220000       0.684819
      11.230000       0.684819
      11.240000       0.684819
      11.250000       0.684819
      11.260000       0.684819
      11.270000       0.684819
      11.280000       0.684819
      11.290000       0.684819
      11.300000       0.684819
      11.310000       0.684819
      11.320000       0.684819
      11.330000       0.684819
      11.340000       0.684819
      11.350000       0.684819
      11.360000       0.684819
      11.370000       0.684819
      11.380000       0.684819
      11.390000       0.684819
      11.400000       0.684819
      11.410000       0.684819
      11.420000       0.684819
      11.430000       0.684819
      11.440000       0.684819
      11.450000       0.684819
      11.460000       0.684819
      11.470000       0.684819
      11.480000       0.684819
      11.490000       0.684819
      11.500000       0.684819
      11.510000       0.684819
      11.520000       0.684819
      11.530000       0.684819
      11.540000       0.684819
      11.550000       0.684819
      11.560000       0.684819
      11.570000       0.684819
      11.580000       0.684819
      11.590000       0.684819
      11.600000       0.684819
      11.610000       0.684819
      11.620000       0.684819
      11.630000       0.684819
      11.640000       0.684819
      11.650000       0.684819
      11.660000       0.684819
      11.670000       0.684819
      11.680000       0.684819
      11.690000       0.684819
      11.700000       0.684819
      11.710000       0.684819
      11.720000       0.684819
      11.730000       0.684819
      11.740000       0.684819
      11.750000       0.684819
      11.760000       0.684819
      11.770000       0.684819
      11.780000       0.684819
      11.790000       0.684819
      11.800000       0.684819
      11.810000       0.684819
      11.820000       0.684819
      11.830000       0.684819
      11.840000       0.684819
      11.850000       0.684819
      11.860000       0.684819
      11.870000       0.684819
      11.880000       0.684819
      11.890000       0.684819
      11.900000       0.684819
      11.910000       0.684819
      11.920000       0.684819
      11.930000       0.684819
      11.940000       0.684819
      11.950000       0.684819
      11.960000       0.684819
      11.970000       0.684819
      11.980000       0.684819
      11.990000       0.684819
      12.000000       0.684819
      12.010000       0.684819
      12.020000       0.684819
      12.030000       0.684819
      12.040000       0.684819
      12.050000       0.684819
      12.060000       0.684819
      12.070000       0.684819
      12.080000       0.684819
      12.090000       0.684819
      12.100000       0.684819
      12.110000       0.684819
      12.120000       0.684819
      12.130000       0.684819
      12.140000       0.684819
      12.150000       0.684819
      12.160000       0.684819
      12.170000       0.684819
      12.180000       0.684819
      12.190000       0.684819
      12.200000       0.684819
      12.210000       0.684819
      12.220000       0.684819
      12.230000       0.684819
      12.240000       0.684819
      12.250000       0.684819
      12.260000       0.684819
      12.270000       0.684819
      12.280000       0.684819
      12.290000       0.684819
      12.300000       0.684819
      12.310000       0.684819
      12.320000       0.684819
      12.330000       0.684819
      12.340000       0.684819
      12.350000       0.684819
      12.360000       0.684819
      12.370000       0.684819
      12.380000       0.684819
      12.390000       0.684819
      12.400000       0.684819
      12.410000       0.684819
      12.420000       0.684819
      12.430000       0.684819
      12.440000       0.684819
      12.450000       0.684819
      12.460000       0.684819
      12.470000       0.684819
      12.480000       0.684819
      12.490000       0.684819
      12.500000       0.684819
      12.510000       0.684819
      12.520000       0.684819
      12.530000       0.684819
      12.540000       0.684819
      12.550000       0.684819
      12.560000       0.684819
      12.570000       0.684819
      12.580000       0.684819
      12.590000       0.684819
      12.600000       0.684819
      12.610000       0.684819
      12.620000       0.684819
      12.630000       0.684819
      12.640000       0.684819
      12.650000       0.684819
      12.660000       0.684819
      12.670000       0.684819
      12.680000       0.684819
      12.690000       0.684819
      12.700000       0.684819
      12.710000       0.684819
      12.720000       0.684819
      12.730000       0.684819
      12.740000       0.684819
      12.750000       0.684819
      12.760000       0.684819
      12.770000       0.684819
      12.780000       0.684819
      12.790000       0.684819
      12.800000       0.684819
      12.810000       0.684819
      12.820000       0.684819
      12.830000       0.684819
      12.840000       0.684819
      12.850000       0.684819
      12.860000       0.684819
      12.870000       0.684819
      12.880000       0.684819
      12.890000       0.684819
      12.900000       0.684819
      12.910000       0.684819
      12.920000       0.684819
      12.930000       0.684819
      12.940000       0.684819
      12.950000       0.684819
      12.960000       0.684819
      12.970000       0.684819
      12.980000       0.684819
      12.990000       0.684819
      13.000000       0.684819
      13.010000       0.684819
      13.020000       0.684819
      13.030000       0.684819
      13.040000       0.684819
      13.050000       0.684819
      13.060000       0.684819
      13.070000       0.684819
      13.080000       0.684819
      13.090000       0.684819
      13.100000       0.684819
      13.110000       0.684819
      13.120000       0.684819
      13.130000       0.684819
      13.140000       0.684819
      13.150000       0.684819
      13.160000       0.684819
      13.170000       0.684819
      13.180000       0.684819
      13.190000       0.684819
      13.200000       0.684819
      13.210000       0.684819
      13.220000       0.684819
      13.230000       0.684819
      13.240000       0.684819
      13.250000       0.684819
      13.260000       0.684819
      13.270000       0.684819
      13.280000       0.684819
      13.290000       0.684819
      13.300000       0.684819
      13.310000       0.684819
      13.320000       0.684819
      13.330000       0.684819
      13.340000       0.684819
      13.350000       0.684819
      13.360000       0.684819
      13.370000       0.684819
      13.380000       0.684819
      13.390000       0.684819
      13.400000       0.684819
      13.410000       0.684819
      13.420000       0.684819
      13.430000       0.684819
      13.440000       0.684819
      13.450000       0.684819
      13.460000       0.684819
      13.470000       0.684819
      13.480000       0.684819
      13.490000       0.684819
      13.500000       0.684819
      13.510000       0.684819
      13.520000       0.684819
      13.530000       0.684819
      13.540000       0.684819
      13.550000       0.684819
      13.560000       0.684819
      13.570000       0.684819
      13.580000       0.684819
      13.590000       0.684819
      13.600000       0.684819
      13.610000       0.684819
      13.620000       0.684819
      13.630000       0.684819
      13.640000       0.684819
      13.650000       0.684819
      13.660000       0.684819
      13.670000       0.684819
      13.680000       0.684819
      13.690000       0.684819
      13.700000       0.684819
      13.710000       0.684819
      13.720000       0.684819
      13.730000       0.684819
      13.740000       0.684819
      13.750000       0.684819
      13.760000       0.684819
      13.770000       0.684819
      13.780000       0.684819
      13.790000       0.684819
      13.800000       0.684819
      13.810000       0.684819
      13.820000       0.684819
      13.830000       0.684819
      13.840000       0.684819
      13.850000       0.684819
      13.860000       0.684819
      13.870000       0.684819
      13.880000       0.684819
      13.890000       0.684819
      13.900000       0.684819
      13.910000       0.684819
      13.920000       0.684819
      13.930000       0.684819
      13.940000       0.684819
      13.950000       0.684819
      13.960000       0.684819
      13.970000       0.684819
      13.980000       0.684819
      13.990000       0.684819
      14.000000       0.684819
      14.010000       0.684819
      14.020000       0.684819
      14.030000       0.684819
      14.040000       0.684819
      14.050000       0.684819
      14.060000       0.684819
      14.070000       0.684819
      14.080000       0.684819
      14.090000       0.684819
      14.100000       0.684819
      14.110000       0.684819
      14.120000       0.684819
      14.130000       0.684819
      14.140000       0.684819
      14.150000       0.684819
      14.160000       0.684819
      14.170000       0.684819
      14.180000       0.684819
      14.190000       0.684819
      14.200000       0.684819
      14.210000       0.684819
      14.220000       0.684819
      14.230000       0.684819
      14.240000       0.684819
      14.250000       0.684819
      14.260000       0.684819
      14.270000       0.684819
      14.280000       0.684819
      14.290000       0.684819
      14.300000       0.684819
      14.310000       0.684819
      14.320000       0.684819
      14.330000       0.684819
      14.340000       0.684819
      14.350000       0.684819
      14.360000       0.684819
      14.370000       0.684819
      14.380000       0.684819
      14.390000       0.684819
      14.400000       0.684819
      14.410000       0.684819
      14.420000       0.684819
      14.430000       0.684819
      14.440000       0.684819
      14.450000       0.684819
      14.460000       0.684819
      14.470000       0.684819
      14.480000       0.684819
      14.490000       0.684819
      14.500000       0.685504
