      -0.500000       0.000000
      -0.490000       0.000000
      -0.480000       0.000000
      -0.470000       0.000000
      -0.460000       0.000000
      -0.450000       0.000000
      -0.440000       0.000000
      -0.430000       0.000000
      -0.420000       0.000000
      -0.410000       0.000000
      -0.400000       0.000000
      -0.390000       0.000000
      -0.380000       0.000000
      -0.370000       0.000000
      -0.360000       0.000000
      -0.350000       0.000000
      -0.340000       0.000000
      -0.330000       0.000000
      -0.320000       0.000000
      -0.310000       0.000000
      -0.300000       0.000000
      -0.290000       0.000000
      -0.280000       0.000000
      -0.270000       0.000000
      -0.260000       0.000000
      -0.250000       0.000000
      -0.240000       0.000000
      -0.230000       0.000000
      -0.220000       0.000000
      -0.210000       0.000000
      -0.200000       0.000000
      -0.190000       0.000000
      -0.180000       0.000000
      -0.170000       0.000000
      -0.160000       0.000000
      -0.150000       0.000000
      -0.140000       0.000000
      -0.130000       0.000000
      -0.120000       0.000000
      -0.110000       0.000000
      -0.100000       0.000000
      -0.090000       0.000000
      -0.080000       0.000000
      -0.070000       0.000000
      -0.060000       0.000000
      -0.050000       0.000000
      -0.040000       0.000000
      -0.030000       0.000000
      -0.020000       0.000000
      -0.010000       0.000000
       0.000000       0.000000
       0.010000       0.000000
       0.020000       0.000000
       0.030000       0.000000
       0.040000       0.000000
       0.050000       0.000000
       0.060000       0.000000
       0.070000       0.000000
       0.080000       0.000000
       0.090000       0.000000
       0.100000       0.000000
       0.110000       0.000000
       0.120000       0.000000
       0.130000       0.000000
       0.140000       0.000000
       0.150000       0.000000
       0.160000       0.000000
       0.170000       0.000000
       0.180000       0.000000
       0.190000       0.000000
       0.200000       0.000000
       0.210000       0.000000
       0.220000       0.000000
       0.230000       0.000000
       0.240000       0.000000
       0.250000       0.000000
       0.260000       0.000000
       0.270000       0.000000
       0.280000       0.000000
       0.290000       0.000000
       0.300000       0.000000
       0.310000       0.000000
       0.320000       0.000000
       0.330000       0.000000
       0.340000       0.000000
       0.350000       0.000000
       0.360000       0.000000
       0.370000       0.000000
       0.380000       0.000000
       0.390000       0.000000
       0.400000       0.000000
       0.410000       0.000000
       0.420000       0.000000
       0.430000       0.000000
       0.440000       0.000000
       0.450000       0.000000
       0.460000       0.000000
       0.470000       0.000000
       0.480000       0.000000
       0.490000       0.000000
       0.500000       0.176886
       0.510000       0.177988
       0.520000       0.179075
       0.530000       0.180148
       0.540000       0.181209
       0.550000       0.182258
       0.560000       0.183296
       0.570000       0.184324
       0.580000       0.185344
       0.590000       0.186356
       0.600000       0.187362
       0.610000       0.188363
       0.620000       0.189361
       0.630000       0.190356
       0.640000       0.191350
       0.650000       0.192343
       0.660000       0.193338
       0.670000       0.194335
       0.680000       0.195336
       0.690000       0.196341
       0.700000       0.197352
       0.710000       0.198370
       0.720000       0.199395
       0.730000       0.200429
       0.740000       0.201473
       0.750000       0.202528
       0.760000       0.203595
       0.770000       0.204675
       0.780000       0.205768
       0.790000       0.206876
       0.800000       0.207999
       0.810000       0.209139
       0.820000       0.210296
       0.830000       0.211472
       0.840000       0.212666
       0.850000       0.213880
       0.860000       0.215116
       0.870000       0.216373
       0.880000       0.217653
       0.890000       0.218956
       0.900000       0.220284
       0.910000       0.221637
       0.920000       0.223017
       0.930000       0.224424
       0.940000       0.225859
       0.950000       0.227323
       0.960000       0.228818
       0.970000       0.230345
       0.980000       0.231904
       0.990000       0.233496
       1.000000       0.235124
       1.010000       0.236787
       1.020000       0.238488
       1.030000       0.240227
       1.040000       0.242006
       1.050000       0.243827
       1.060000       0.245690
       1.070000       0.247597
       1.080000       0.249551
       1.090000       0.251551
       1.100000       0.253601
       1.110000       0.255701
       1.120000       0.257854
       1.130000       0.260062
       1.140000       0.262325
       1.150000       0.264647
       1.160000       0.267029
       1.170000       0.269474
       1.180000       0.271984
       1.190000       0.274561
       1.200000       0.277207
       1.210000       0.279925
       1.220000       0.282718
       1.230000       0.285588
       1.240000       0.288538
       1.250000       0.291571
       1.260000       0.294689
       1.270000       0.297896
       1.280000       0.301195
       1.290000       0.304590
       1.300000       0.308083
       1.310000       0.311677
       1.320000       0.315378
       1.330000       0.319187
       1.340000       0.323110
       1.350000       0.327149
       1.360000       0.331310
       1.370000       0.335595
       1.380000       0.340010
       1.390000       0.344559
       1.400000       0.349245
       1.410000       0.354075
       1.420000       0.359052
       1.430000       0.364181
       1.440000       0.369468
       1.450000       0.374918
       1.460000       0.380535
       1.470000       0.386324
       1.480000       0.392248
       1.490000       0.398269
       1.500000       0.404348
       1.510000       0.410468
       1.520000       0.416599
       1.530000       0.422715
       1.540000       0.428792
       1.550000       0.434807
       1.560000       0.440744
       1.570000       0.446585
       1.580000       0.452317
       1.590000       0.457926
       1.600000       0.463402
       1.610000       0.468737
       1.620000       0.473923
       1.630000       0.478954
       1.640000       0.483824
       1.650000       0.488531
       1.660000       0.493071
       1.670000       0.497444
       1.680000       0.501647
       1.690000       0.505681
       1.700000       0.509547
       1.710000       0.513246
       1.720000       0.516780
       1.730000       0.520152
       1.740000       0.523364
       1.750000       0.526419
       1.760000       0.529322
       1.770000       0.532075
       1.780000       0.534685
       1.790000       0.537154
       1.800000       0.539487
       1.810000       0.541690
       1.820000       0.543767
       1.830000       0.545724
       1.840000       0.547565
       1.850000       0.549295
       1.860000       0.550920
       1.870000       0.552445
       1.880000       0.553875
       1.890000       0.555214
       1.900000       0.556469
       1.910000       0.557644
       1.920000       0.558744
       1.930000       0.559774
       1.940000       0.560739
       1.950000       0.561643
       1.960000       0.562491
       1.970000       0.563287
       1.980000       0.564036
       1.990000       0.564742
       2.000000       0.565409
       2.010000       0.566041
       2.020000       0.566642
       2.030000       0.567216
       2.040000       0.567765
       2.050000       0.568295
       2.060000       0.568807
       2.070000       0.569306
       2.080000       0.569794
       2.090000       0.570274
       2.100000       0.570749
       2.110000       0.571222
       2.120000       0.571695
       2.130000       0.572170
       2.140000       0.572651
       2.150000       0.573139
       2.160000       0.573636
       2.170000       0.574145
       2.180000       0.574666
       2.190000       0.575202
       2.200000       0.575754
       2.210000       0.576324
       2.220000       0.576914
       2.230000       0.577524
       2.240000       0.578155
       2.250000       0.578809
       2.260000       0.579486
       2.270000       0.580188
       2.280000       0.580915
       2.290000       0.581668
       2.300000       0.582447
       2.310000       0.583252
       2.320000       0.584085
       2.330000       0.584945
       2.340000       0.585832
       2.350000       0.586747
       2.360000       0.587688
       2.370000       0.588657
       2.380000       0.589653
       2.390000       0.590675
       2.400000       0.591722
       2.410000       0.592795
       2.420000       0.593893
       2.430000       0.595014
       2.440000       0.596158
       2.450000       0.597324
       2.460000       0.598511
       2.470000       0.599717
       2.480000       0.600940
       2.490000       0.602181
       2.500000       0.603437
       2.510000       0.604706
       2.520000       0.605987
       2.530000       0.607279
       2.540000       0.608579
       2.550000       0.609886
       2.560000       0.611199
       2.570000       0.612514
       2.580000       0.613831
       2.590000       0.615148
       2.600000       0.616463
       2.610000       0.617775
       2.620000       0.619081
       2.630000       0.620380
       2.640000       0.621670
       2.650000       0.622950
       2.660000       0.624218
       2.670000       0.625473
       2.680000       0.626714
       2.690000       0.627938
       2.700000       0.629146
       2.710000       0.630334
       2.720000       0.631503
       2.730000       0.632652
       2.740000       0.633778
       2.750000       0.634882
       2.760000       0.635963
       2.770000       0.637019
       2.780000       0.638050
       2.790000       0.639055
       2.800000       0.640035
       2.810000       0.640987
       2.820000       0.641912
       2.830000       0.642810
       2.840000       0.643680
       2.850000       0.644522
       2.860000       0.645336
       2.870000       0.646121
       2.880000       0.646878
       2.890000       0.647607
       2.900000       0.648307
       2.910000       0.648979
       2.920000       0.649623
       2.930000       0.650239
       2.940000       0.650827
       2.950000       0.651388
       2.960000       0.651922
       2.970000       0.652428
       2.980000       0.652909
       2.990000       0.653363
       3.000000       0.653792
       3.010000       0.654207
       3.020000       0.654610
       3.030000       0.655001
       3.040000       0.655382
       3.050000       0.655752
       3.060000       0.656111
       3.070000       0.656460
       3.080000       0.656800
       3.090000       0.657131
       3.100000       0.657452
       3.110000       0.657766
       3.120000       0.658071
       3.130000       0.658369
       3.140000       0.658659
       3.150000       0.658943
       3.160000       0.659220
       3.170000       0.659492
       3.180000       0.659757
       3.190000       0.660018
       3.200000       0.660274
       3.210000       0.660525
       3.220000       0.660772
       3.230000       0.661016
       3.240000       0.661256
       3.250000       0.661493
       3.260000       0.661727
       3.270000       0.661958
       3.280000       0.662188
       3.290000       0.662415
       3.300000       0.662641
       3.310000       0.662865
       3.320000       0.663087
       3.330000       0.663309
       3.340000       0.663530
       3.350000       0.663750
       3.360000       0.663970
       3.370000       0.664189
       3.380000       0.664408
       3.390000       0.664627
       3.400000       0.664846
       3.410000       0.665065
       3.420000       0.665284
       3.430000       0.665503
       3.440000       0.665722
       3.450000       0.665942
       3.460000       0.666162
       3.470000       0.666382
       3.480000       0.666603
       3.490000       0.666823
       3.500000       0.667044
       3.510000       0.667265
       3.520000       0.667487
       3.530000       0.667708
       3.540000       0.667930
       3.550000       0.668151
       3.560000       0.668372
       3.570000       0.668594
       3.580000       0.668814
       3.590000       0.669035
       3.600000       0.669255
       3.610000       0.669475
       3.620000       0.669693
       3.630000       0.669911
       3.640000       0.670129
       3.650000       0.670345
       3.660000       0.670560
       3.670000       0.670774
       3.680000       0.670987
       3.690000       0.671198
       3.700000       0.671408
       3.710000       0.671616
       3.720000       0.671822
       3.730000       0.672027
       3.740000       0.672229
       3.750000       0.672430
       3.760000       0.672629
       3.770000       0.672825
       3.780000       0.673019
       3.790000       0.673211
       3.800000       0.673400
       3.810000       0.673587
       3.820000       0.673772
       3.830000       0.673954
       3.840000       0.674133
       3.850000       0.674310
       3.860000       0.674483
       3.870000       0.674655
       3.880000       0.674823
       3.890000       0.674989
       3.900000       0.675152
       3.910000       0.675312
       3.920000       0.675469
       3.930000       0.675624
       3.940000       0.675776
       3.950000       0.675925
       3.960000       0.676071
       3.970000       0.676215
       3.980000       0.676356
       3.990000       0.676494
       4.000000       0.676630
       4.010000       0.676763
       4.020000       0.676894
       4.030000       0.677023
       4.040000       0.677149
       4.050000       0.677273
       4.060000       0.677394
       4.070000       0.677514
       4.080000       0.677631
       4.090000       0.677746
       4.100000       0.677859
       4.110000       0.677970
       4.120000       0.678079
       4.130000       0.678186
       4.140000       0.678291
       4.150000       0.678394
       4.160000       0.678496
       4.170000       0.678596
       4.180000       0.678694
       4.190000       0.678790
       4.200000       0.678885
       4.210000       0.678978
       4.220000       0.679070
       4.230000       0.679160
       4.240000       0.679248
       4.250000       0.679336
       4.260000       0.679421
       4.270000       0.679506
       4.280000       0.679589
       4.290000       0.679670
       4.300000       0.679751
       4.310000       0.679830
       4.320000       0.679908
       4.330000       0.679985
       4.340000       0.680060
       4.350000       0.680134
       4.360000       0.680208
       4.370000       0.680280
       4.380000       0.680351
       4.390000       0.680421
       4.400000       0.680489
       4.410000       0.680557
       4.420000       0.680624
       4.430000       0.680690
       4.440000       0.680755
       4.450000       0.680819
       4.460000       0.680882
       4.470000       0.680944
       4.480000       0.681005
       4.490000       0.681065
       4.500000       0.681124
       4.510000       0.681183
       4.520000       0.681240
       4.530000       0.681297
       4.540000       0.681353
       4.550000       0.681408
       4.560000       0.681463
       4.570000       0.681516
       4.580000       0.681569
       4.590000       0.681621
       4.600000       0.681672
       4.610000       0.681723
       4.620000       0.681772
       4.630000       0.681821
       4.640000       0.681870
       4.650000       0.681917
       4.660000       0.681964
       4.670000       0.682010
       4.680000       0.682056
       4.690000       0.682100
       4.700000       0.682144
       4.710000       0.682188
       4.720000       0.682231
       4.730000       0.682273
       4.740000       0.682314
       4.750000       0.682355
       4.760000       0.682395
       4.770000       0.682435
       4.780000       0.682474
       4.790000       0.682512
       4.800000       0.682550
       4.810000       0.682588
       4.820000       0.682624
       4.830000       0.682660
       4.840000       0.682696
       4.850000       0.682731
       4.860000       0.682765
       4.870000       0.682799
       4.880000       0.682833
       4.890000       0.682865
       4.900000       0.682898
       4.910000       0.682930
       4.920000       0.682961
       4.930000       0.682992
       4.940000       0.683022
       4.950000       0.683052
       4.960000       0.683082
       4.970000       0.683111
       4.980000       0.683139
       4.990000       0.683167
       5.000000       0.683195
       5.010000       0.683222
       5.020000       0.683249
       5.030000       0.683275
       5.040000       0.683301
       5.050000       0.683327
       5.060000       0.683352
       5.070000       0.683377
       5.080000       0.683402
       5.090000       0.683426
       5.100000       0.683450
       5.110000       0.683473
       5.120000       0.683496
       5.130000       0.683519
       5.140000       0.683542
       5.150000       0.683564
       5.160000       0.683586
       5.170000       0.683607
       5.180000       0.683628
       5.190000       0.683649
       5.200000       0.683670
       5.210000       0.683690
       5.220000       0.683710
       5.230000       0.683730
       5.240000       0.683749
       5.250000       0.683769
       5.260000       0.683787
       5.270000       0.683806
       5.280000       0.683825
       5.290000       0.683843
       5.300000       0.683861
       5.310000       0.683878
       5.320000       0.683896
       5.330000       0.683913
       5.340000       0.683930
       5.350000       0.683947
       5.360000       0.683963
       5.370000       0.683979
       5.380000       0.683995
       5.390000       0.684011
       5.400000       0.684027
       5.410000       0.684042
       5.420000       0.684057
       5.430000       0.684072
       5.440000       0.684087
       5.450000       0.684102
       5.460000       0.684116
       5.470000       0.684130
       5.480000       0.684144
       5.490000       0.684158
       5.500000       0.684171
       5.510000       0.684185
       5.520000       0.684198
       5.530000       0.684211
       5.540000       0.684223
       5.550000       0.684236
       5.560000       0.684248
       5.570000       0.684260
       5.580000       0.684272
       5.590000       0.684284
       5.600000       0.684296
       5.610000       0.684307
       5.620000       0.684319
       5.630000       0.684330
       5.640000       0.684341
       5.650000       0.684351
       5.660000       0.684362
       5.670000       0.684372
       5.680000       0.684383
       5.690000       0.684393
       5.700000       0.684403
       5.710000       0.684412
       5.720000       0.684422
       5.730000       0.684432
       5.740000       0.684441
       5.750000       0.684450
       5.760000       0.684459
       5.770000       0.684468
       5.780000       0.684476
       5.790000       0.684485
       5.800000       0.684493
       5.810000       0.684502
       5.820000       0.684510
       5.830000       0.684518
       5.840000       0.684526
       5.850000       0.684533
       5.860000       0.684541
       5.870000       0.684548
       5.880000       0.684556
       5.890000       0.684563
       5.900000       0.684570
       5.910000       0.684577
       5.920000       0.684584
       5.930000       0.684591
       5.940000       0.684597
       5.950000       0.684604
       5.960000       0.684610
       5.970000       0.684616
       5.980000       0.684622
       5.990000       0.684628
       6.000000       0.684634
       6.010000       0.684640
       6.020000       0.684646
       6.030000       0.684652
       6.040000       0.684657
       6.050000       0.684663
       6.060000       0.684668
       6.070000       0.684673
       6.080000       0.684678
       6.090000       0.684683
       6.100000       0.684688
       6.110000       0.684693
       6.120000       0.684698
       6.130000       0.684703
       6.140000       0.684707
       6.150000       0.684712
       6.160000       0.684716
       6.170000       0.684721
       6.180000       0.684725
       6.190000       0.684729
       6.200000       0.684733
       6.210000       0.684738
       6.220000       0.684742
       6.230000       0.684746
       6.240000       0.684749
       6.250000       0.684753
       6.260000       0.684757
       6.270000       0.684761
       6.280000       0.684764
       6.290000       0.684768
       6.300000       0.684771
       6.310000       0.684775
       6.320000       0.684778
       6.330000       0.684782
       6.340000       0.684785
       6.350000       0.684788
       6.360000       0.684791
       6.370000       0.684794
       6.380000       0.684797
       6.390000       0.684801
       6.400000       0.684803
       6.410000       0.684806
       6.420000       0.684809
       6.430000       0.684812
       6.440000       0.684815
       6.450000       0.684818
       6.460000       0.684820
       6.470000       0.684823
       6.480000       0.684826
       6.490000       0.684828
       6.500000       0.684831
       6.510000       0.684833
       6.520000       0.684835
       6.530000       0.684838
       6.540000       0.684840
       6.550000       0.684843
       6.560000       0.684845
       6.570000       0.684847
       6.580000       0.684849
       6.590000       0.684851
       6.600000       0.684854
       6.610000       0.684856
       6.620000       0.684858
       6.630000       0.684860
       6.640000       0.684862
       6.650000       0.684864
       6.660000       0.684866
       6.670000       0.684868
       6.680000       0.684869
       6.690000       0.684871
       6.700000       0.684873
       6.710000       0.684875
       6.720000       0.684877
       6.730000       0.684878
       6.740000       0.684880
       6.750000       0.684882
       6.760000       0.684883
       6.770000       0.684885
       6.780000       0.684886
       6.790000       0.684888
       6.800000       0.684889
       6.810000       0.684891
       6.820000       0.684892
       6.830000       0.684894
       6.840000       0.684895
       6.850000       0.684897
       6.860000       0.684898
       6.870000       0.684899
       6.880000       0.684901
       6.890000       0.684902
       6.900000       0.684903
       6.910000       0.684905
       6.920000       0.684906
       6.930000       0.684907
       6.940000       0.684908
       6.950000       0.684909
       6.960000       0.684911
       6.970000       0.684912
       6.980000       0.684913
       6.990000       0.684914
       7.000000       0.684915
       7.010000       0.684916
       7.020000       0.684917
       7.030000       0.684918
       7.040000       0.684919
       7.050000       0.684920
       7.060000       0.684921
       7.070000       0.684922
       7.080000       0.684923
       7.090000       0.684924
       7.100000       0.684925
       7.110000       0.684926
       7.120000       0.684927
       7.130000       0.684927
       7.140000       0.684928
       7.150000       0.684929
       7.160000       0.684930
       7.170000       0.684931
       7.180000       0.684932
       7.190000       0.684932
       7.200000       0.684933
       7.210000       0.684934
       7.220000       0.684935
       7.230000       0.684935
       7.240000       0.684936
       7.250000       0.684937
       7.260000       0.684937
       7.270000       0.684938
       7.280000       0.684939
       7.290000       0.684939
       7.300000       0.684940
       7.310000       0.684941
       7.320000       0.684941
       7.330000       0.684942
       7.340000       0.684942
       7.350000       0.684943
       7.360000       0.684943
       7.370000       0.684944
       7.380000       0.684945
       7.390000       0.684945
       7.400000       0.684946
       7.410000       0.684946
       7.420000       0.684947
       7.430000       0.684947
       7.440000       0.684948
       7.450000       0.684948
       7.460000       0.684949
       7.470000       0.684949
       7.480000       0.684949
       7.490000       0.684950
       7.500000       0.684950
       7.510000       0.684951
       7.520000       0.684951
       7.530000       0.684952
       7.540000       0.684952
       7.550000       0.684952
       7.560000       0.684953
       7.570000       0.684953
       7.580000       0.684953
       7.590000       0.684954
       7.600000       0.684954
       7.610000       0.684955
       7.620000       0.684955
       7.630000       0.684955
       7.640000       0.684956
       7.650000       0.684956
       7.660000       0.684956
       7.670000       0.684957
       7.680000       0.684957
       7.690000       0.684957
       7.700000       0.684957
       7.710000       0.684958
       7.720000       0.684958
       7.730000       0.684958
       7.740000       0.684959
       7.750000       0.684959
       7.760000       0.684959
       7.770000       0.684959
       7.780000       0.684960
       7.790000       0.684960
       7.800000       0.684960
       7.810000       0.684960
       7.820000       0.684961
       7.830000       0.684961
       7.840000       0.684961
       7.850000       0.684961
       7.860000       0.684961
       7.870000       0.684962
       7.880000       0.684962
       7.890000       0.684962
       7.900000       0.684962
       7.910000       0.684963
       7.920000       0.684963
       7.930000       0.684963
       7.940000       0.684963
       7.950000       0.684963
       7.960000       0.684963
       7.970000       0.684964
       7.980000       0.684964
       7.990000       0.684964
       8.000000       0.684964
       8.010000       0.684964
       8.020000       0.684964
       8.030000       0.684965
       8.040000       0.684965
       8.050000       0.684965
       8.060000       0.684965
       8.070000       0.684965
       8.080000       0.684965
       8.090000       0.684965
       8.100000       0.684966
       8.110000       0.684966
       8.120000       0.684966
       8.130000       0.684966
       8.140000       0.684966
       8.150000       0.684966
       8.160000       0.684966
       8.170000       0.684967
       8.180000       0.684967
       8.190000       0.684967
       8.200000       0.684967
       8.210000       0.684967
       8.220000       0.684967
       8.230000       0.684967
       8.240000       0.684967
       8.250000       0.684967
       8.260000       0.684967
       8.270000       0.684968
       8.280000       0.684968
       8.290000       0.684968
       8.300000       0.684968
       8.310000       0.684968
       8.320000       0.684968
       8.330000       0.684968
       8.340000       0.684968
       8.350000       0.684968
       8.360000       0.684968
       8.370000       0.684968
       8.380000       0.684969
       8.390000       0.684969
       8.400000       0.684969
       8.410000       0.684969
       8.420000       0.684969
       8.430000       0.684969
       8.440000       0.684969
       8.450000       0.684969
       8.460000       0.684969
       8.470000       0.684969
       8.480000       0.684969
       8.490000       0.684969
       8.500000       0.684969
       8.510000       0.684969
       8.520000       0.684970
       8.530000       0.684970
       8.540000       0.684970
       8.550000       0.684970
       8.560000       0.684970
       8.570000       0.684970
       8.580000       0.684970
       8.590000       0.684970
       8.600000       0.684970
       8.610000       0.684970
       8.620000       0.684970
       8.630000       0.684970
       8.640000       0.684970
       8.650000       0.684970
       8.660000       0.684970
       8.670000       0.684970
       8.680000       0.684970
       8.690000       0.684970
       8.700000       0.684970
       8.710000       0.684970
       8.720000       0.684970
       8.730000       0.684971
       8.740000       0.684971
       8.750000       0.684971
       8.760000       0.684971
       8.770000       0.684971
       8.780000       0.684971
       8.790000       0.684971
       8.800000       0.684971
       8.810000       0.684971
       8.820000       0.684971
       8.830000       0.684971
       8.840000       0.684971
       8.850000       0.684971
       8.860000       0.684971
       8.870000       0.684971
       8.880000       0.684971
       8.890000       0.684971
       8.900000       0.684971
       8.910000       0.684971
       8.920000       0.684971
       8.930000       0.684971
       8.940000       0.684971
       8.950000       0.684971
       8.960000       0.684971
       8.970000       0.684971
       8.980000       0.684971
       8.990000       0.684971
       9.000000       0.684971
       9.010000       0.684971
       9.020000       0.684971
       9.030000       0.684971
       9.040000       0.684971
       9.050000       0.684971
       9.060000       0.684971
       9.070000       0.684971
       9.080000       0.684971
       9.090000       0.684971
       9.100000       0.684971
       9.110000       0.684971
       9.120000       0.684972
       9.130000       0.684972
       9.140000       0.684972
       9.150000       0.684972
       9.160000       0.684972
       9.170000       0.684972
       9.180000       0.684972
       9.190000       0.684972
       9.200000       0.684972
       9.210000       0.684972
       9.220000       0.684972
       9.230000       0.684972
       9.240000       0.684972
       9.250000       0.684972
       9.260000       0.684972
       9.270000       0.684972
       9.280000       0.684972
       9.290000       0.684972
       9.300000       0.684972
       9.310000       0.684972
       9.320000       0.684972
       9.330000       0.684972
       9.340000       0.684972
       9.350000       0.684972
       9.360000       0.684972
       9.370000       0.684972
       9.380000       0.684972
       9.390000       0.684972
       9.400000       0.684972
       9.410000       0.684972
       9.420000       0.684972
       9.430000       0.684972
       9.440000       0.684972
       9.450000       0.684972
       9.460000       0.684972
       9.470000       0.684972
       9.480000       0.684972
       9.490000       0.684972
       9.500000       0.684972
       9.510000       0.684972
       9.520000       0.684972
       9.530000       0.684972
       9.540000       0.684972
       9.550000       0.684972
       9.560000       0.684972
       9.570000       0.684972
       9.580000       0.684972
       9.590000       0.684972
       9.600000       0.684972
       9.610000       0.684972
       9.620000       0.684972
       9.630000       0.684972
       9.640000       0.684972
       9.650000       0.684972
       9.660000       0.684972
       9.670000       0.684972
       9.680000       0.684972
       9.690000       0.684972
       9.700000       0.684972
       9.710000       0.684972
       9.720000       0.684972
       9.730000       0.684972
       9.740000       0.684972
       9.750000       0.684972
       9.760000       0.684972
       9.770000       0.684972
       9.780000       0.684972
       9.790000       0.684972
       9.800000       0.684972
       9.810000       0.684972
       9.820000       0.684972
       9.830000       0.684972
       9.840000       0.684972
       9.850000       0.684972
       9.860000       0.684972
       9.870000       0.684972
       9.880000       0.684972
       9.890000       0.684972
       9.900000       0.684972
       9.910000       0.684972
       9.920000       0.684972
       9.930000       0.684972
       9.940000       0.684972
       9.950000       0.684972
       9.960000       0.684972
       9.970000       0.684972
       9.980000       0.684972
       9.990000       0.684972
      10.000000       0.684972
      10.010000       0.684972
      10.020000       0.684972
      10.030000       0.684972
      10.040000       0.684972
      10.050000       0.684972
      10.060000       0.684972
      10.070000       0.684972
      10.080000       0.684972
      10.090000       0.684972
      10.100000       0.684972
      10.110000       0.684972
      10.120000       0.684972
      10.130000       0.684972
      10.140000       0.684972
      10.150000       0.684972
      10.160000       0.684972
      10.170000       0.684972
      10.180000       0.684972
      10.190000       0.684972
      10.200000       0.684972
      10.210000       0.684972
      10.220000       0.684972
      10.230000       0.684972
      10.240000       0.684972
      10.250000       0.684972
      10.260000       0.684972
      10.270000       0.684972
      10.280000       0.684972
      10.290000       0.684972
      10.300000       0.684972
      10.310000       0.684972
      10.320000       0.684972
      10.330000       0.684972
      10.340000       0.684972
      10.350000       0.684972
      10.360000       0.684972
      10.370000       0.684972
      10.380000       0.684972
      10.390000       0.684972
      10.400000       0.684972
      10.410000       0.684972
      10.420000       0.684972
      10.430000       0.684972
      10.440000       0.684972
      10.450000       0.684972
      10.460000       0.684972
      10.470000       0.684972
      10.480000       0.684972
      10.490000       0.684972
      10.500000       0.684972
      10.510000       0.684972
      10.520000       0.684972
      10.530000       0.684972
      10.540000       0.684972
      10.550000       0.684972
      10.560000       0.684972
      10.570000       0.684972
      10.580000       0.684972
      10.590000       0.684972
      10.600000       0.684972
      10.610000       0.684972
      10.620000       0.684972
      10.630000       0.684972
      10.640000       0.684972
      10.650000       0.684972
      10.660000       0.684972
      10.670000       0.684972
      10.680000       0.684972
      10.690000       0.684972
      10.700000       0.684972
      10.710000       0.684972
      10.720000       0.684972
      10.730000       0.684972
      10.740000       0.684972
      10.750000       0.684972
      10.760000       0.684972
      10.770000       0.684972
      10.780000       0.684972
      10.790000       0.684972
      10.800000       0.684972
      10.810000       0.684972
      10.820000       0.684972
      10.830000       0.684972
      10.840000       0.684972
      10.850000       0.684972
      10.860000       0.684972
      10.870000       0.684972
      10.880000       0.684972
      10.890000       0.684972
      10.900000       0.684972
      10.910000       0.684972
      10.920000       0.684972
      10.930000       0.684972
      10.940000       0.684972
      10.950000       0.684972
      10.960000       0.684971
      10.970000       0.684971
      10.980000       0.684971
      10.990000       0.684971
      11.000000       0.684971
      11.010000       0.684971
      11.020000       0.684971
      11.030000       0.684971
      11.040000       0.684971
      11.050000       0.684971
      11.060000       0.684971
      11.070000       0.684971
      11.080000       0.684971
      11.090000       0.684971
      11.100000       0.684971
      11.110000       0.684971
      11.120000       0.684971
      11.130000       0.684971
      11.140000       0.684971
      11.150000       0.684971
      11.160000       0.684971
      11.170000       0.684971
      11.180000       0.684971
      11.190000       0.684971
      11.200000       0.684971
      11.210000       0.684971
      11.220000       0.684971
      11.230000       0.684971
      11.240000       0.684971
      11.250000       0.684971
      11.260000       0.684971
      11.270000       0.684971
      11.280000       0.684971
      11.290000       0.684971
      11.300000       0.684971
      11.310000       0.684971
      11.320000       0.684971
      11.330000       0.684971
      11.340000       0.684971
      11.350000       0.684971
      11.360000       0.684971
      11.370000       0.684971
      11.380000       0.684971
      11.390000       0.684971
      11.400000       0.684971
      11.410000       0.684971
      11.420000       0.684971
      11.430000       0.684971
      11.440000       0.684971
      11.450000       0.684971
      11.460000       0.684971
      11.470000       0.684971
      11.480000       0.684970
      11.490000       0.684970
      11.500000       0.684970
      11.510000       0.684970
      11.520000       0.684970
      11.530000       0.684970
      11.540000       0.684970
      11.550000       0.684970
      11.560000       0.684970
      11.570000       0.684970
      11.580000       0.684970
      11.590000       0.684970
      11.600000       0.684970
      11.610000       0.684970
      11.620000       0.684970
      11.630000       0.684970
      11.640000       0.684970
      11.650000       0.684970
      11.660000       0.684970
      11.670000       0.684970
      11.680000       0.684970
      11.690000       0.684970
      11.700000       0.684970
      11.710000       0.684970
      11.720000       0.684970
      11.730000       0.684970
      11.740000       0.684970
      11.750000       0.684970
      11.760000       0.684970
      11.770000       0.684970
      11.780000       0.684970
      11.790000       0.684970
      11.800000       0.684970
      11.810000       0.684970
      11.820000       0.684970
      11.830000       0.684970
      11.840000       0.684970
      11.850000       0.684970
      11.860000       0.684970
      11.870000       0.684970
      11.880000       0.684970
      11.890000       0.684970
      11.900000       0.684970
      11.910000       0.684970
      11.920000       0.684970
      11.930000       0.684970
      11.940000       0.684970
      11.950000       0.684970
      11.960000       0.684970
      11.970000       0.684970
      11.980000       0.684970
      11.990000       0.684970
      12.000000       0.684970
      12.010000       0.684970
      12.020000       0.684970
      12.030000       0.684970
      12.040000       0.684970
      12.050000       0.684970
      12.060000       0.684970
      12.070000       0.684970
      12.080000       0.684970
      12.090000       0.684970
      12.100000       0.684970
      12.110000       0.684970
      12.120000       0.684970
      12.130000       0.684970
      12.140000       0.684970
      12.150000       0.684970
      12.160000       0.684970
      12.170000       0.684970
      12.180000       0.684969
      12.190000       0.684969
      12.200000       0.684969
      12.210000       0.684969
      12.220000       0.684969
      12.230000       0.684969
      12.240000       0.684969
      12.250000       0.684969
      12.260000       0.684969
      12.270000       0.684969
      12.280000       0.684969
      12.290000       0.684968
      12.300000       0.684968
      12.310000       0.684968
      12.320000       0.684968
      12.330000       0.684968
      12.340000       0.684968
      12.350000       0.684967
      12.360000       0.684967
      12.370000       0.684967
      12.380000       0.684967
      12.390000       0.684967
      12.400000       0.684966
      12.410000       0.684966
      12.420000       0.684966
      12.430000       0.684966
      12.440000       0.684966
      12.450000       0.684965
      12.460000       0.684965
      12.470000       0.684965
      12.480000       0.684965
      12.490000       0.684964
      12.500000       0.684964
      12.510000       0.684964
      12.520000       0.684964
      12.530000       0.684963
      12.540000       0.684963
      12.550000       0.684963
      12.560000       0.684963
      12.570000       0.684962
      12.580000       0.684962
      12.590000       0.684962
      12.600000       0.684962
      12.610000       0.684961
      12.620000       0.684961
      12.630000       0.684961
      12.640000       0.684961
      12.650000       0.684961
      12.660000       0.684960
      12.670000       0.684960
      12.680000       0.684960
      12.690000       0.684960
      12.700000       0.684960
      12.710000       0.684960
      12.720000       0.684959
      12.730000       0.684959
      12.740000       0.684959
      12.750000       0.684959
      12.760000       0.684959
      12.770000       0.684959
      12.780000       0.684959
      12.790000       0.684959
      12.800000       0.684959
      12.810000       0.684959
      12.820000       0.684959
      12.830000       0.684959
      12.840000       0.684959
      12.850000       0.684959
      12.860000       0.684959
      12.870000       0.684960
      12.880000       0.684960
      12.890000       0.684960
      12.900000       0.684960
      12.910000       0.684960
      12.920000       0.684960
      12.930000       0.684961
      12.940000       0.684961
      12.950000       0.684961
      12.960000       0.684962
      12.970000       0.684962
      12.980000       0.684962
      12.990000       0.684963
      13.000000       0.684963
      13.010000       0.684963
      13.020000       0.684964
      13.030000       0.684964
      13.040000       0.684965
      13.050000       0.684965
      13.060000       0.684965
      13.070000       0.684966
      13.080000       0.684966
      13.090000       0.684967
      13.100000       0.684967
      13.110000       0.684968
      13.120000       0.684968
      13.130000       0.684969
      13.140000       0.684969
      13.150000       0.684970
      13.160000       0.684970
      13.170000       0.684970
      13.180000       0.684971
      13.190000       0.684971
      13.200000       0.684972
      13.210000       0.684972
      13.220000       0.684972
      13.230000       0.684973
      13.240000       0.684973
      13.250000       0.684973
      13.260000       0.684973
      13.270000       0.684974
      13.280000       0.684974
      13.290000       0.684974
      13.300000       0.684974
      13.310000       0.684974
      13.320000       0.684974
      13.330000       0.684973
      13.340000       0.684973
      13.350000       0.684973
      13.360000       0.684972
      13.370000       0.684972
      13.380000       0.684971
      13.390000       0.684971
      13.400000       0.684970
      13.410000       0.684969
      13.420000       0.684968
      13.430000       0.684967
      13.440000       0.684966
      13.450000       0.684965
      13.460000       0.684964
      13.470000       0.684962
      13.480000       0.684961
      13.490000       0.684959
      13.500000       0.684957
      13.510000       0.684955
      13.520000       0.684953
      13.530000       0.684951
      13.540000       0.684949
      13.550000       0.684947
      13.560000       0.684945
      13.570000       0.684943
      13.580000       0.684941
      13.590000       0.684939
      13.600000       0.684937
      13.610000       0.684935
      13.620000       0.684934
      13.630000       0.684932
      13.640000       0.684930
      13.650000       0.684928
      13.660000       0.684927
      13.670000       0.684925
      13.680000       0.684924
      13.690000       0.684922
      13.700000       0.684921
      13.710000       0.684919
      13.720000       0.684918
      13.730000       0.684917
      13.740000       0.684915
      13.750000       0.684914
      13.760000       0.684913
      13.770000       0.684912
      13.780000       0.684911
      13.790000       0.684910
      13.800000       0.684909
      13.810000       0.684908
      13.820000       0.684908
      13.830000       0.684907
      13.840000       0.684906
      13.850000       0.684906
      13.860000       0.684905
      13.870000       0.684905
      13.880000       0.684905
      13.890000       0.684905
      13.900000       0.684905
      13.910000       0.684904
      13.920000       0.684905
      13.930000       0.684905
      13.940000       0.684905
      13.950000       0.684905
      13.960000       0.684906
      13.970000       0.684906
      13.980000       0.684907
      13.990000       0.684908
      14.000000       0.684908
      14.010000       0.684909
      14.020000       0.684910
      14.030000       0.684911
      14.040000       0.684913
      14.050000       0.684914
      14.060000       0.684916
      14.070000       0.684917
      14.080000       0.684919
      14.090000       0.684921
      14.100000       0.684922
      14.110000       0.684925
      14.120000       0.684927
      14.130000       0.684929
      14.140000       0.684931
      14.150000       0.684934
      14.160000       0.684936
      14.170000       0.684939
      14.180000       0.684942
      14.190000       0.684945
      14.200000       0.684948
      14.210000       0.684951
      14.220000       0.684955
      14.230000       0.684958
      14.240000       0.684962
      14.250000       0.684966
      14.260000       0.684970
      14.270000       0.684974
      14.280000       0.684978
      14.290000       0.684982
      14.300000       0.684986
      14.310000       0.684991
      14.320000       0.684995
      14.330000       0.685000
      14.340000       0.685005
      14.350000       0.685010
      14.360000       0.685015
      14.370000       0.685020
      14.380000       0.685025
      14.390000       0.685031
      14.400000       0.685036
      14.410000       0.685042
      14.420000       0.685047
      14.430000       0.685053
      14.440000       0.685059
      14.450000       0.685065
      14.460000       0.685071
      14.470000       0.685077
      14.480000       0.685083
      14.490000       0.685089
      14.500000       0.685843
